63
33 12 33 13 32 13 32 12
15 14 23 14 23 17 15 17
28 22 29 22 29 23 28 23
28 19 28 22 25 22 25 19
37 18 32 23 28 19 33 14
37 15 37 18 31 18 31 15
44 22 36 30 29 23 37 15
13 14 13 12 15 12 15 14
34 13 33 14 32 13 33 12
34 14 33 14 33 13 34 13
32 16 31 15 33 13 34 14
28 16 32 16 32 19 28 19
28 14 28 16 25 16 25 14
31 11 32 12 29 15 28 14
29 11 31 11 31 15 29 15
24 6 29 11 23 17 18 12
23 6 24 6 24 14 23 14
21 4 23 6 15 14 13 12
30 4 30 30 21 30 21 4
27 1 30 4 19 15 16 12
44 30 36 30 36 22 44 22
22 32 25 32 25 33 22 33
14 24 22 32 21 33 13 25
15 24 14 24 14 20 15 20
21 18 25 22 19 28 15 24
19 8 25 14 21 18 15 12
26 1 27 1 27 18 26 18
31 20 27 20 27 18 31 18
29 29 25 33 19 27 23 23
37 23 30 30 29 29 36 22
33 20 32 21 31 20 32 19
33 24 31 24 31 20 33 20
34 23 35 24 34 25 33 24
13 15 17 15 17 25 13 25
37 25 34 25 34 23 37 23
17 8 19 8 19 15 17 15
22 29 28 23 31 26 25 32
23 29 22 29 22 23 23 23
10 24 14 20 23 29 19 33
10 35 10 24 14 24 14 35
12 37 10 35 12 33 14 35
18 37 12 37 12 33 18 33
21 40 18 37 22 33 25 36
19 40 19 33 21 33 21 40
3 24 13 14 22 23 12 33
18 16 16 16 16 12 18 12
14 14 16 16 15 17 13 15
30 11 32 13 27 18 25 16
35 27 26 18 28 16 37 25
34 21 34 23 32 23 32 21
16 31 19 28 21 30 18 33
17 17 16 16 17 15 18 16
33 27 33 24 35 24 35 27
32 25 31 24 32 23 33 24
18 28 19 28 19 33 18 33
26 19 27 18 28 19 27 20
18 19 18 16 25 16 25 19
29 25 29 23 32 23 32 25
26 21 27 20 29 22 28 23
33 28 19 28 19 27 33 27
34 27 33 28 31 26 32 25
25 21 24 22 18 16 19 15
15 26 15 24 31 24 31 26
